id,points,total_points,event_transfers,points_on_bench,entry,event
82868,54,54,0,0,178431,1
476078,59,113,0,0,178431,2
934823,38,151,0,0,178431,3
1393568,53,204,0,0,178431,4
1852313,73,277,0,0,178431,5
2311058,24,301,0,0,178431,6
2769803,55,356,0,0,178431,7
3216936,44,400,0,0,178431,8
3675681,49,449,0,0,178431,9
4134426,24,473,0,0,178431,10
4593171,41,514,0,0,178431,11
5051916,56,570,0,0,178431,12
5510661,46,616,0,0,178431,13
5969406,28,644,0,0,178431,14
6428151,24,668,0,0,178431,15
6952431,60,728,0,0,178431,16
7476711,49,777,0,0,178431,17
8000991,53,830,0,0,178431,18
8525271,20,850,0,0,178431,19
9049551,36,886,0,0,178431,20
9515147,53,939,0,0,178431,21
10039427,36,975,0,0,178431,22
10563707,35,1010,0,0,178431,23
11087987,64,1074,0,0,178431,24
11612267,36,1110,0,0,178431,25
12136547,52,1162,0,0,178431,26
12660827,37,1199,0,0,178431,27
13185107,46,1245,0,0,178431,28
13709387,77,1322,0,0,178431,29
14233667,35,1357,0,0,178431,30
14757947,40,1397,0,0,178431,31
